# Objects added on Sun Nov 15 00:18:48 2009

OBJECT_ADD 42253155,30655412,0.000000,1156 
OBJECT_ADD 42202323,30649484,0.000000,1154 
OBJECT_ADD 42200473,30651908,-17280.000000,1188 
OBJECT_ADD 42198596,30650593,-14400.000000,1188 
OBJECT_ADD 42199999,30651324,0.000000,1154 
OBJECT_ADD 42196946,30651376,0.000000,1156 
OBJECT_ADD 42302101,30658768,0.000000,488 
OBJECT_ADD 42216764,30653265,-4320.000000,1158 
OBJECT_ADD 42246203,30654607,-4320.000000,1158 
OBJECT_ADD 42273354,30661348,-7920.000000,1158 
OBJECT_ADD 42217408,30653115,0.000000,497 
OBJECT_ADD 42246882,30654146,0.000000,504 
OBJECT_ADD 42273879,30660905,-12240.000000,504 
OBJECT_ADD 42232064,30642506,0.000000,505 
OBJECT_ADD 42234689,30642212,0.000000,506 
OBJECT_ADD 42272198,30647922,-2160.000000,507 
OBJECT_ADD 42276932,30649372,-2880.000000,508 
OBJECT_ADD 42270413,30647297,-3600.000000,509 
OBJECT_ADD 42278763,30649903,-2880.000000,510 
OBJECT_ADD 42269655,30646951,-3600.000000,511 
OBJECT_ADD 42276791,30651711,0.000000,1188 
OBJECT_ADD 42269834,30649368,0.000000,1188 
OBJECT_ADD 42265346,30644494,-2880.000000,1188 
OBJECT_ADD 42261583,30647061,0.000000,1188 
OBJECT_ADD 42255020,30645292,0.000000,1188 
OBJECT_ADD 42246622,30645378,0.000000,1188 
OBJECT_ADD 42239439,30645026,0.000000,1188 
OBJECT_ADD 42228950,30644169,0.000000,1188 
OBJECT_ADD 42221154,30643895,0.000000,1188 
OBJECT_ADD 42210883,30642295,0.000000,1188 
OBJECT_ADD 42232155,30653322,-18000.000000,1188 
OBJECT_ADD 42267870,30658031,-19440.000000,1188 
OBJECT_ADD 42256482,30655366,-11520.000000,1188 
OBJECT_ADD 42284289,30654861,0.000000,1188 
OBJECT_ADD 42289863,30662246,0.000000,1188 
OBJECT_ADD 42291090,30666804,-20160.000000,1188 
OBJECT_ADD 42233960,30668021,0.000000,85 
OBJECT_ADD 42237575,30669484,0.000000,85 
OBJECT_ADD 42240942,30668881,0.000000,85 
OBJECT_ADD 42244165,30668539,-8640.000000,85 
OBJECT_ADD 42247260,30668911,-6480.000000,85 
OBJECT_ADD 42240875,30672053,0.000000,50 
OBJECT_ADD 42230540,30661113,0.000000,26 
OBJECT_ADD 42229881,30661046,0.000000,26 
OBJECT_ADD 42233193,30637188,0.000000,26 
OBJECT_ADD 42233194,30635819,0.000000,26 
OBJECT_ADD 42233079,30634231,0.000000,26 
OBJECT_ADD 42232941,30632653,0.000000,349 
OBJECT_ADD 42232910,30631268,0.000000,349 
OBJECT_ADD 42228455,30654734,-2880.000000,406 
OBJECT_ADD 42220865,30664175,0.000000,84 
OBJECT_ADD 42225331,30666437,0.000000,84 
OBJECT_ADD 42228660,30668476,0.000000,84 
OBJECT_ADD 42231979,30664733,0.000000,84 
OBJECT_ADD 42234931,30666708,0.000000,84 
OBJECT_ADD 42232576,30667773,0.000000,83 
OBJECT_ADD 42229880,30663809,0.000000,83 
OBJECT_ADD 42230297,30663483,0.000000,83 
OBJECT_ADD 42216575,30670450,0.000000,83 
OBJECT_ADD 42225030,30663690,0.000000,83 
OBJECT_ADD 42227068,30663654,0.000000,83 
OBJECT_ADD 42227246,30666845,0.000000,83 
OBJECT_ADD 42238192,30665496,0.000000,84 
OBJECT_ADD 42245148,30672981,0.000000,84 
OBJECT_ADD 42219546,30663377,0.000000,50 
OBJECT_ADD 42229713,30666647,0.000000,50 
OBJECT_ADD 42235077,30661894,0.000000,50 
OBJECT_ADD 42221372,30652008,0.000000,505 
OBJECT_ADD 42219372,30652074,0.000000,506 
OBJECT_ADD 42243786,30654204,0.000000,507 
OBJECT_ADD 42235032,30643507,-16560.000000,1191 
OBJECT_ADD 42236153,30643509,-18000.000000,349 
OBJECT_ADD 42237388,30643469,-17280.000000,40 
OBJECT_ADD 42238973,30643389,0.000000,488 
OBJECT_ADD 42240441,30643328,0.000000,488 
OBJECT_ADD 42241922,30643258,0.000000,488 
OBJECT_ADD 42272569,30660265,0.000000,329 
OBJECT_ADD 42272089,30660656,-6480.000000,329 
OBJECT_ADD 42272569,30660672,-14400.000000,329 
OBJECT_ADD 42271942,30660014,0.000000,328 
OBJECT_ADD 42271507,30660278,0.000000,328 
OBJECT_ADD 42271400,30660476,0.000000,328 
OBJECT_ADD 42271829,30660930,0.000000,328 
OBJECT_ADD 42271617,30660976,14400.000000,328 
OBJECT_ADD 42272003,30661246,8640.000000,329 
OBJECT_ADD 42209942,30654675,0.000000,1156 
OBJECT_ADD 42277258,30663080,0.000000,1156 
OBJECT_ADD 42314199,30660079,0.000000,488 
OBJECT_ADD 42317241,30661787,-23040.000000,1191 
OBJECT_ADD 42304682,30658877,-20160.000000,1191 
OBJECT_ADD 42276741,30699561,0.000000,477 
OBJECT_ADD 42276133,30699414,0.000000,40 
OBJECT_ADD 42276715,30699590,0.000000,46 
OBJECT_ADD 42331355,30731854,0.000000,477 
OBJECT_ADD 42331421,30731907,0.000000,46 
OBJECT_ADD 42332234,30731811,0.000000,1191 
OBJECT_ADD 42342471,30783258,0.000000,50 
OBJECT_ADD 42338829,30783004,0.000000,50 
OBJECT_ADD 42339925,30781452,-5760.000000,50 
OBJECT_ADD 42318142,30776605,0.000000,50 
OBJECT_ADD 42319447,30776223,0.000000,50 
OBJECT_ADD 42300757,30767177,0.000000,50 
OBJECT_ADD 42299377,30766400,0.000000,50 
OBJECT_ADD 42300395,30765527,0.000000,50 
OBJECT_ADD 42294731,30764008,0.000000,50 
OBJECT_ADD 42295289,30761496,0.000000,50 
OBJECT_ADD 42287271,30792065,0.000000,50 
OBJECT_ADD 42284864,30757384,0.000000,50 
OBJECT_ADD 42283978,30755948,0.000000,50 
OBJECT_ADD 42285178,30755657,0.000000,50 
OBJECT_ADD 42276515,30748017,0.000000,50 
OBJECT_ADD 42281047,30752292,0.000000,50 
OBJECT_ADD 42261631,30732199,0.000000,50 
OBJECT_ADD 42262987,30731365,0.000000,50 
OBJECT_ADD 42261344,30730758,0.000000,50 
OBJECT_ADD 42262701,30732988,0.000000,50 
OBJECT_ADD 42227919,30706448,0.000000,50 
OBJECT_ADD 42216239,30700632,0.000000,50 
OBJECT_ADD 42217671,30699709,0.000000,50 
OBJECT_ADD 42229003,30707974,0.000000,50 
OBJECT_ADD 42211056,30667992,0.000000,85 
OBJECT_ADD 42214107,30667656,0.000000,85 
OBJECT_ADD 42216459,30668159,0.000000,85 
OBJECT_ADD 42219027,30668385,0.000000,85 
OBJECT_ADD 42221743,30668830,0.000000,85 
OBJECT_ADD 42224033,30667372,0.000000,85 
OBJECT_ADD 42225800,30669477,0.000000,85 
OBJECT_ADD 42219367,30676747,0.000000,85 
OBJECT_ADD 42217081,30673787,0.000000,85 
OBJECT_ADD 42222537,30675034,0.000000,85 
OBJECT_ADD 42233796,30673374,0.000000,85 
OBJECT_ADD 42237462,30674494,0.000000,85 
OBJECT_ADD 42241682,30675686,0.000000,85 
OBJECT_ADD 42248512,30673404,0.000000,85 
OBJECT_ADD 42229639,30681007,0.000000,85 
OBJECT_ADD 42239376,30679192,0.000000,85 
OBJECT_ADD 42230675,30681387,0.000000,85 
OBJECT_ADD 42219268,30674511,0.000000,50 
OBJECT_ADD 42223531,30672762,0.000000,50 
OBJECT_ADD 42216059,30673753,0.000000,50 
OBJECT_ADD 42208150,30672585,0.000000,46 
OBJECT_ADD 42229119,30683428,0.000000,46 
OBJECT_ADD 42250636,30674013,0.000000,46 
OBJECT_ADD 42239652,30683853,-5760.000000,46 
OBJECT_ADD 42217661,30668729,0.000000,404 
OBJECT_ADD 42235699,30674511,0.000000,404 
OBJECT_ADD 42226722,30671157,0.000000,84 
OBJECT_ADD 42221490,30683064,0.000000,84 
OBJECT_ADD 42230953,30673569,0.000000,84 
OBJECT_ADD 42226393,30672679,0.000000,83 
OBJECT_ADD 42273963,30687699,0.000000,40 
OBJECT_ADD 42275026,30687829,0.000000,40 
OBJECT_ADD 42272439,30685801,0.000000,40 
OBJECT_ADD 42273652,30685681,0.000000,40 
OBJECT_ADD 42273474,30684258,0.000000,1191 
OBJECT_ADD 42273423,30683038,0.000000,1191 
OBJECT_ADD 42273325,30681986,0.000000,1191 
OBJECT_ADD 42273306,30680825,-18720.000000,488 
OBJECT_ADD 42272784,30679087,-8640.000000,488 
OBJECT_ADD 42271394,30713808,0.000000,85 
OBJECT_ADD 42276626,30710387,0.000000,85 
OBJECT_ADD 42274240,30715692,0.000000,85 
OBJECT_ADD 42282348,30724124,0.000000,85 
OBJECT_ADD 42286141,30723210,0.000000,85 
OBJECT_ADD 42279946,30717655,0.000000,85 
OBJECT_ADD 42276208,30714939,0.000000,50 
OBJECT_ADD 42277961,30715618,0.000000,50 
OBJECT_ADD 42328212,30758996,0.000000,85 
OBJECT_ADD 42322540,30755830,0.000000,85 
OBJECT_ADD 42317730,30752781,0.000000,85 
OBJECT_ADD 42323840,30761252,0.000000,85 
OBJECT_ADD 42317185,30760056,0.000000,85 
OBJECT_ADD 42313245,30750017,0.000000,85 
OBJECT_ADD 42306831,30752419,0.000000,85 
OBJECT_ADD 42278342,30710824,0.000000,84 
OBJECT_ADD 42272331,30706991,0.000000,84 
OBJECT_ADD 42298977,30745486,0.000000,84 
OBJECT_ADD 42333172,30793761,0.000000,84 
OBJECT_ADD 42299152,30720674,0.000000,84 
OBJECT_ADD 42314004,30742108,0.000000,84 
OBJECT_ADD 42323607,30750056,0.000000,84 
OBJECT_ADD 42349139,30784971,0.000000,50 
OBJECT_ADD 42452028,30699690,0.000000,488 
OBJECT_ADD 42380768,30687759,-2880.000000,488 
OBJECT_ADD 42592286,30740930,6075.000000,128 
OBJECT_ADD 42583955,30738790,-2340.000000,128 
OBJECT_ADD 42593308,30730480,14760.000000,129 
OBJECT_ADD 42605106,30732035,-2880.000000,128 
OBJECT_ADD 42589423,30753438,-1980.000000,129 
OBJECT_ADD 42579010,30730856,-2160.000000,453 
OBJECT_ADD 42576894,30733402,0.000000,1188 
OBJECT_ADD 42579423,30729994,-19440.000000,1191 
OBJECT_ADD 42527510,30719730,-17280.000000,40 
OBJECT_ADD 42530345,30720263,0.000000,488 
OBJECT_ADD 42518596,30718076,0.000000,488 
OBJECT_ADD 42559478,30825935,0.000000,50 
OBJECT_ADD 42558791,30826474,0.000000,50 
OBJECT_ADD 42548920,30833829,0.000000,50 
OBJECT_ADD 42549962,30833341,0.000000,50 
OBJECT_ADD 42547827,30834747,0.000000,50 
OBJECT_ADD 42566497,30833712,0.000000,50 
OBJECT_ADD 42565466,30834553,7920.000000,50 
OBJECT_ADD 42569124,30831100,0.000000,50 
OBJECT_ADD 42540610,30847167,0.000000,478 
OBJECT_ADD 42551304,30850967,0.000000,478 
OBJECT_ADD 42541398,30847261,0.000000,40 
OBJECT_ADD 42540555,30847222,0.000000,46 
OBJECT_ADD 42551346,30851055,0.000000,473 
OBJECT_ADD 42541063,30847149,0.000000,407 
OBJECT_ADD 42551600,30850283,0.000000,488 
OBJECT_ADD 42572035,30829000,0.000000,349 
OBJECT_ADD 42573529,30827353,-8640.000000,349 
OBJECT_ADD 42554583,30846769,0.000000,53 
OBJECT_ADD 42611603,30758890,-6660.000000,128 
OBJECT_ADD 42613049,30722866,-20880.000000,129 
OBJECT_ADD 42625624,30728209,12960.000000,129 
OBJECT_ADD 42618558,30748885,-6480.000000,128 
OBJECT_ADD 42625861,30739638,-6480.000000,128 
OBJECT_ADD 42597760,30755562,0.000000,120 
OBJECT_ADD 42601028,30753858,0.000000,120 
OBJECT_ADD 42604927,30754303,0.000000,120 
OBJECT_ADD 42594959,30754605,0.000000,120 
OBJECT_ADD 42595819,30750900,0.000000,121 
OBJECT_ADD 42598072,30750166,0.000000,121 
OBJECT_ADD 42600570,30749920,0.000000,121 
OBJECT_ADD 42617897,30734962,-3600.000000,455 
OBJECT_ADD 42612781,30733115,-3600.000000,455 
OBJECT_ADD 42609628,30743187,-5760.000000,129 
OBJECT_ADD 42601133,30730481,0.000000,26 
OBJECT_ADD 42598331,30736105,0.000000,488 
OBJECT_ADD 42596939,30735878,0.000000,488 
OBJECT_ADD 42595467,30735467,0.000000,488 
OBJECT_ADD 42769550,30792904,0.000000,50 
OBJECT_ADD 42772301,30794318,0.000000,50 
OBJECT_ADD 42768673,30790426,0.000000,50 
OBJECT_ADD 42777642,30797404,0.000000,50 
OBJECT_ADD 42766172,30788668,0.000000,40 
OBJECT_ADD 42771110,30791053,0.000000,488 
OBJECT_ADD 42771507,30791905,0.000000,488 
OBJECT_ADD 42740331,30747283,0.000000,488 
OBJECT_ADD 42738240,30747604,0.000000,488 
OBJECT_ADD 42742010,30747066,0.000000,488 
OBJECT_ADD 42742762,30746792,20160.000000,1191 
