# Objects added on Sat Nov 14 20:46:51 2009

OBJECT_ADD 40854481,30273199,0.000000,331 
OBJECT_ADD 40847626,30282833,0.000000,481 
OBJECT_ADD 40836287,30280307,0.000000,481 
OBJECT_ADD 40851038,30260396,0.000000,485 
OBJECT_ADD 40852130,30226651,0.000000,485 
OBJECT_ADD 40864037,30231508,0.000000,485 
OBJECT_ADD 40848958,30225843,0.000000,485 
OBJECT_ADD 40844323,30272366,0.000000,330 
OBJECT_ADD 40833092,30292812,0.000000,331 
OBJECT_ADD 40843363,30302430,0.000000,481 
OBJECT_ADD 40846949,30324579,0.000000,481 
OBJECT_ADD 40882428,30298575,0.000000,482 
OBJECT_ADD 40787286,30349022,0.000000,482 
OBJECT_ADD 40815656,30329434,0.000000,482 
OBJECT_ADD 40812732,30317187,0.000000,482 
OBJECT_ADD 40816424,30298715,0.000000,330 
OBJECT_ADD 40832162,30311442,0.000000,484 
OBJECT_ADD 40887506,30332300,0.000000,484 
OBJECT_ADD 40875232,30314078,0.000000,485 
OBJECT_ADD 40858624,30303774,0.000000,485 
OBJECT_ADD 40888979,30286976,0.000000,485 
OBJECT_ADD 40848707,30320902,0.000000,485 
OBJECT_ADD 40845402,30303277,0.000000,485 
OBJECT_ADD 40819221,30298169,0.000000,485 
OBJECT_ADD 40856820,30274387,0.000000,485 
OBJECT_ADD 40896286,30290752,0.000000,485 
OBJECT_ADD 40786504,30266078,-90.000000,331 
OBJECT_ADD 40887195,30443258,0.000000,330 
OBJECT_ADD 40893738,30440896,0.000000,330 
OBJECT_ADD 40891068,30424040,0.000000,330 
OBJECT_ADD 40873471,30422712,0.000000,485 
OBJECT_ADD 40925944,30578894,-45.000000,331 
OBJECT_ADD 40940872,30261322,0.000000,485 
OBJECT_ADD 40906731,30244912,0.000000,485 
OBJECT_ADD 40902128,30243649,0.000000,485 
OBJECT_ADD 40987332,30327507,-45.000000,331 
OBJECT_ADD 40963308,30304860,0.000000,330 
OBJECT_ADD 40969906,30295909,0.000000,481 
OBJECT_ADD 40974939,30288363,0.000000,482 
OBJECT_ADD 41000530,30295803,-45.000000,483 
OBJECT_ADD 40993260,30302362,-45.000000,484 
OBJECT_ADD 41005904,30290900,-45.000000,485 
OBJECT_ADD 40894745,30289576,0.000000,481 
OBJECT_ADD 40888503,30392409,0.000000,484 
OBJECT_ADD 40961417,30306023,0.000000,485 
OBJECT_ADD 41052408,30242771,0.000000,483 
OBJECT_ADD 41069559,30256433,-90.000000,483 
OBJECT_ADD 41003590,30539132,0.000000,330 
OBJECT_ADD 40996261,30545419,0.000000,331 
OBJECT_ADD 40898853,30420679,0.000000,485 
OBJECT_ADD 40905475,30428859,0.000000,485 
OBJECT_ADD 40990521,30505516,0.000000,485 
OBJECT_ADD 40990397,30535624,0.000000,485 
OBJECT_ADD 41004534,30524889,0.000000,485 
OBJECT_ADD 40921412,30539755,0.000000,485 
OBJECT_ADD 40927468,30509938,0.000000,484 
OBJECT_ADD 40989981,30514279,0.000000,484 
OBJECT_ADD 40890209,30408958,0.000000,484 
OBJECT_ADD 40933077,30548855,0.000000,330 
OBJECT_ADD 40926526,30550020,0.000000,330 
OBJECT_ADD 40931159,30524750,0.000000,485 
OBJECT_ADD 40967700,30625120,0.000000,331 
OBJECT_ADD 40973349,30615475,0.000000,330 
OBJECT_ADD 40967887,30598779,0.000000,330 
OBJECT_ADD 40962233,30611076,-135.000000,485 
OBJECT_ADD 42537251,30843147,-45.000000,331 
OBJECT_ADD 42559430,30850744,-45.000000,331 
OBJECT_ADD 42544978,30833290,-45.000000,330 
OBJECT_ADD 42569088,30839202,-45.000000,330 
OBJECT_ADD 42554200,30825634,-45.000000,330 

# Objects added on Sat Nov 14 21:49:26 2009

OBJECT_ADD 39431102,28935004,0.000000,485 
OBJECT_ADD 39440148,28926724,-110.000000,485 
OBJECT_ADD 39368131,29213135,0.000000,485 
OBJECT_ADD 39972597,29515271,0.000000,485 
OBJECT_ADD 40006871,29557584,0.000000,485 
OBJECT_ADD 41438998,30203782,-110.000000,485 
OBJECT_ADD 41734815,31096824,0.000000,330 
OBJECT_ADD 41701397,31069912,0.000000,330 
OBJECT_ADD 41688685,31088349,0.000000,330 
OBJECT_ADD 41745890,31124966,0.000000,330 
OBJECT_ADD 41724463,31112616,0.000000,330 
OBJECT_ADD 41694458,31140224,0.000000,330 
OBJECT_ADD 41729089,31156330,0.000000,330 
OBJECT_ADD 41765169,31165676,0.000000,330 
OBJECT_ADD 41720391,31075081,0.000000,331 
OBJECT_ADD 41764000,31208957,0.000000,330 
OBJECT_ADD 42062121,31324767,-77.000000,330 
OBJECT_ADD 42035288,31324903,-88.000000,331 
OBJECT_ADD 42072859,31295064,-99.000000,484 
OBJECT_ADD 42063487,31341952,-88.000000,484 
OBJECT_ADD 42200423,30799458,90.000000,331 
OBJECT_ADD 42200646,30729568,0.000000,485 
OBJECT_ADD 42181082,31283926,-66.000000,330 
OBJECT_ADD 42132561,31305387,-66.000000,330 
OBJECT_ADD 42114934,31325609,-77.000000,481 
OBJECT_ADD 42096627,31297285,-77.000000,481 
OBJECT_ADD 42107223,31304016,-77.000000,330 
OBJECT_ADD 42092558,31331942,-88.000000,481 
OBJECT_ADD 42282541,30760332,0.000000,483 
OBJECT_ADD 42284312,30760825,0.000000,485 
OBJECT_ADD 42317477,30781902,0.000000,484 
OBJECT_ADD 42299928,30771994,0.000000,485 
OBJECT_ADD 42276663,30756928,-45.000000,483 
OBJECT_ADD 42257889,30736915,-45.000000,484 
OBJECT_ADD 42272412,30751507,-45.000000,484 
OBJECT_ADD 42255518,30750768,-45.000000,483 
OBJECT_ADD 42227046,30710526,-45.000000,482 
OBJECT_ADD 42213803,30704259,-45.000000,482 
OBJECT_ADD 42278295,30784821,0.000000,330 
OBJECT_ADD 42281248,30796256,0.000000,330 
OBJECT_ADD 42238122,30734678,-45.000000,330 
OBJECT_ADD 42217842,30745125,-45.000000,330 
OBJECT_ADD 42217886,30768383,-45.000000,330 
OBJECT_ADD 42207786,30744676,-45.000000,330 
OBJECT_ADD 42201287,30733623,-45.000000,481 
OBJECT_ADD 42212234,30724001,-45.000000,482 
OBJECT_ADD 42220310,30746120,-45.000000,485 
OBJECT_ADD 42243158,30733584,0.000000,485 
OBJECT_ADD 42217132,30736001,90.000000,485 
OBJECT_ADD 42220361,30768524,-45.000000,485 
OBJECT_ADD 42255904,30752489,-45.000000,485 
OBJECT_ADD 42294428,30769257,0.000000,334 
OBJECT_ADD 42254208,30805388,0.000000,382 
OBJECT_ADD 42283673,30819719,0.000000,330 
OBJECT_ADD 42295536,30813079,0.000000,330 
OBJECT_ADD 42309532,30812213,0.000000,330 
OBJECT_ADD 42260733,30852975,45.000000,331 
OBJECT_ADD 42329129,30828576,0.000000,330 
OBJECT_ADD 42285085,30811766,0.000000,485 
OBJECT_ADD 42293433,30812668,0.000000,485 
CHAR_ANIM_ADD 42286765,30807151,0,0.000000,485  
OBJECT_ADD 42307876,30810908,0.000000,485 
OBJECT_ADD 42333897,30818994,0.000000,485 
OBJECT_ADD 42327055,30826236,0.000000,485 
OBJECT_ADD 42331110,30830423,0.000000,331 
OBJECT_ADD 42341898,30787125,0.000000,485 
OBJECT_ADD 42338410,30787150,0.000000,485 
OBJECT_ADD 42349861,30789720,0.000000,485 
OBJECT_ADD 42468863,31091857,0.000000,481 
OBJECT_ADD 42452111,31071391,0.000000,484 
OBJECT_ADD 42415428,31037685,0.000000,485 
OBJECT_ADD 42370038,31010307,0.000000,485 
OBJECT_ADD 42372466,31003356,0.000000,485 
OBJECT_ADD 42366982,30995166,0.000000,485 
OBJECT_ADD 42362236,30987448,0.000000,484 
OBJECT_ADD 42361774,30967559,0.000000,484 
OBJECT_ADD 42353882,30935059,0.000000,484 
OBJECT_ADD 42454893,31156502,0.000000,330 
OBJECT_ADD 42441805,31142932,0.000000,330 
OBJECT_ADD 42433622,31136294,0.000000,330 
OBJECT_ADD 42439834,31173252,0.000000,331 
OBJECT_ADD 42454897,31132164,0.000000,330 
OBJECT_ADD 42454949,31110732,0.000000,481 
OBJECT_ADD 42441695,31121717,0.000000,481 
OBJECT_ADD 42434478,31106724,0.000000,481 
OBJECT_ADD 42454642,31091916,0.000000,482 
OBJECT_ADD 42442692,31101748,0.000000,482 
OBJECT_ADD 42457938,31236870,-45.000000,331 
OBJECT_ADD 42456898,31048139,0.000000,331 
OBJECT_ADD 42355606,31087240,0.000000,331 
OBJECT_ADD 42344066,31141012,-405.000000,331 
OBJECT_ADD 42348555,31126342,-45.000000,330 
OBJECT_ADD 42355680,31129024,-45.000000,330 
OBJECT_ADD 42363759,31121768,-45.000000,483 
OBJECT_ADD 42369397,31117330,-45.000000,485 
OBJECT_ADD 42374475,31112580,-45.000000,485 
OBJECT_ADD 42498511,31016464,0.000000,485 
OBJECT_ADD 42490372,31019497,0.000000,485 
OBJECT_ADD 42469441,31141547,0.000000,330 
OBJECT_ADD 42469408,31115785,0.000000,330 
OBJECT_ADD 42556739,31118234,-90.000000,331 
OBJECT_ADD 42596912,31131448,-90.000000,330 
OBJECT_ADD 42586190,31118049,-88.000000,330 
OBJECT_ADD 42577754,31105339,-88.000000,481 
OBJECT_ADD 42597638,31102053,-99.000000,482 
OBJECT_ADD 42598585,31099464,-99.000000,330 
OBJECT_ADD 42534056,31106414,0.000000,485 
OBJECT_ADD 42588087,31085082,0.000000,485 
OBJECT_ADD 42567511,31084737,0.000000,485 
OBJECT_ADD 42568025,31077086,0.000000,485 
OBJECT_ADD 42567778,31068057,0.000000,485 
OBJECT_ADD 42553586,31076947,0.000000,485 
OBJECT_ADD 42594799,31322059,0.000000,483 
OBJECT_ADD 42587492,31314317,0.000000,330 
OBJECT_ADD 42589502,31362807,0.000000,330 
OBJECT_ADD 42584647,31370004,0.000000,330 
OBJECT_ADD 42584395,31387335,0.000000,331 
OBJECT_ADD 42590755,31344152,0.000000,331 
OBJECT_ADD 42583857,31346186,0.000000,485 
OBJECT_ADD 42660274,31033973,0.000000,485 
OBJECT_ADD 42666170,31033329,0.000000,485 
OBJECT_ADD 42726469,31007532,0.000000,485 
OBJECT_ADD 42599346,31124520,-90.000000,330 
OBJECT_ADD 42612743,31105908,-77.000000,330 
OBJECT_ADD 42613837,31120276,-99.000000,481 
OBJECT_ADD 42601735,31117870,-88.000000,482 
OBJECT_ADD 42646712,31112031,-88.000000,330 
OBJECT_ADD 42603363,31096154,0.000000,485 
OBJECT_ADD 42605270,31096654,0.000000,485 
OBJECT_ADD 42601891,31325749,0.000000,485 
OBJECT_ADD 42779879,30802087,0.000000,485 
OBJECT_ADD 42771025,30800044,0.000000,484 
OBJECT_ADD 42767652,30799569,0.000000,483 
OBJECT_ADD 42764186,30795151,-11.000000,485 
OBJECT_ADD 42734144,30795162,0.000000,483 
OBJECT_ADD 42733922,30788416,0.000000,485 
OBJECT_ADD 42824049,30927959,-22.000000,442 
OBJECT_ADD 42758327,30839658,0.000000,330 
OBJECT_ADD 42750218,30842841,0.000000,330 
OBJECT_ADD 42767904,30840752,0.000000,330 
OBJECT_ADD 42768508,30854449,0.000000,330 
OBJECT_ADD 42770056,30854437,0.000000,485 
OBJECT_ADD 42767608,30824035,0.000000,485 
OBJECT_ADD 42751628,30843939,0.000000,485 
OBJECT_ADD 42753550,30833502,0.000000,485 
OBJECT_ADD 42742897,30819725,0.000000,484 
OBJECT_ADD 42745984,30812937,-22.000000,483 
OBJECT_ADD 42789183,30976940,0.000000,485 
OBJECT_ADD 42800539,30970849,0.000000,483 
OBJECT_ADD 42821581,30960902,-22.000000,483 
OBJECT_ADD 42871967,30974031,-88.000000,330 

# Objects added on Sat Nov 14 22:28:19 2009

OBJECT_ADD 40620558,31090720,-20880.000000,330 
OBJECT_ADD 40602186,31083136,13680.000000,330 
OBJECT_ADD 40557742,31065639,-15120.000000,330 
OBJECT_ADD 41112181,31192188,15120.000000,481 
OBJECT_ADD 41149560,31203948,13680.000000,330 
OBJECT_ADD 41128802,31198467,14760.000000,330 
OBJECT_ADD 41130568,31207558,15840.000000,484 
OBJECT_ADD 41750392,31455112,0.000000,330 
OBJECT_ADD 41750918,31431262,0.000000,481 
OBJECT_ADD 41751656,31409637,0.000000,482 
OBJECT_ADD 41752138,31385751,0.000000,330 
OBJECT_ADD 41743519,31500302,0.000000,331 
OBJECT_ADD 41749028,31490592,0.000000,330 
OBJECT_ADD 41749339,31476883,0.000000,330 
OBJECT_ADD 41751463,31581242,0.000000,330 
OBJECT_ADD 41749888,31602325,0.000000,330 
OBJECT_ADD 41748486,31641423,0.000000,331 
OBJECT_ADD 41750860,31695574,0.000000,481 
OBJECT_ADD 41760343,31639507,0.000000,482 
OBJECT_ADD 41741181,31645944,0.000000,482 
OBJECT_ADD 41749130,31758638,0.000000,481 
OBJECT_ADD 41761048,31769424,0.000000,331 
OBJECT_ADD 41772692,31950435,0.000000,331 
OBJECT_ADD 41771088,31993638,0.000000,330 
OBJECT_ADD 41768746,32052132,0.000000,330 
OBJECT_ADD 41766158,32096815,0.000000,330 
OBJECT_ADD 41753828,32028285,0.000000,481 
OBJECT_ADD 41778208,32052562,0.000000,482 
OBJECT_ADD 41780114,31994577,0.000000,485 
OBJECT_ADD 41764239,31985367,0.000000,485 
OBJECT_ADD 41759548,32173308,0.000000,330 
OBJECT_ADD 41769046,32153422,0.000000,330 
OBJECT_ADD 41740868,32127942,0.000000,330 
OBJECT_ADD 41751807,32256451,0.000000,331 

